# Probe 0 (1 0 0)
# Probe 1 (10 0 0)
# Probe 2 (20 0 0)
# Probe 3 (30 0 0)
# Probe 4 (40 0 0)
#       Probe             0             1             2             3             4
#        Time
            0    5.2308e+06    5.2308e+06    5.2308e+06    5.2308e+06    5.2308e+06
          0.1   5.23116e+06   5.23116e+06   5.23096e+06    5.2308e+06   5.21696e+06
          0.2    5.2308e+06    5.2308e+06    5.2308e+06    5.2142e+06   5.21433e+06
          0.3   5.23072e+06    5.2308e+06    5.2308e+06    5.2134e+06   5.21439e+06
          0.4   5.23072e+06   5.23072e+06    5.2149e+06   5.21468e+06   5.21467e+06
          0.5    5.2307e+06   5.23067e+06   5.21306e+06   5.21411e+06   5.21421e+06
          0.6   5.23068e+06   5.21325e+06   5.21331e+06   5.21411e+06   5.21389e+06
          0.7   5.22925e+06   5.21404e+06   5.21412e+06   5.21444e+06   5.21422e+06
          0.8   5.19262e+06   5.21163e+06   5.21405e+06   5.21365e+06   5.21487e+06
          0.9   5.19328e+06   5.20618e+06   5.21067e+06   5.21258e+06    5.2141e+06
            1   5.19473e+06   5.19414e+06   5.20992e+06   5.21016e+06   5.21064e+06
          1.1   5.19429e+06   5.19402e+06   5.19385e+06    5.2093e+06   5.20984e+06
          1.2   5.19311e+06   5.19369e+06   5.19303e+06   5.20803e+06   5.20966e+06
          1.3   5.19319e+06   5.19305e+06   5.19276e+06   5.19331e+06   5.20843e+06
          1.4   5.19279e+06   5.19265e+06   5.19239e+06   5.19135e+06   5.20643e+06
          1.5   5.19227e+06   5.19231e+06   5.19176e+06   5.19002e+06   5.17202e+06
          1.6   5.19198e+06   5.19181e+06   5.19071e+06   5.18592e+06   5.17465e+06
          1.7    5.1914e+06   5.19107e+06   5.18943e+06   5.17459e+06   5.17614e+06
          1.8   5.19057e+06   5.18987e+06   5.17432e+06   5.17491e+06   5.17285e+06
          1.9    5.1895e+06   5.18823e+06   5.17468e+06   5.17538e+06   5.17544e+06
            2   5.18719e+06   5.17393e+06   5.17436e+06   5.17446e+06   5.17435e+06
          2.1   5.18312e+06   5.17225e+06   5.17359e+06   5.17385e+06   5.17438e+06
          2.2   5.15623e+06   5.17141e+06   5.17288e+06   5.17339e+06    5.1741e+06
          2.3   5.15712e+06   5.16417e+06   5.17196e+06    5.1727e+06    5.1734e+06
          2.4   5.15761e+06    5.1574e+06    5.1703e+06   5.17174e+06   5.17275e+06
          2.5   5.15603e+06   5.15624e+06   5.15616e+06   5.17051e+06   5.17168e+06
          2.6    5.1558e+06   5.15559e+06   5.15551e+06   5.16711e+06   5.17055e+06
          2.7   5.15532e+06   5.15528e+06   5.15518e+06   5.15441e+06   5.16847e+06
          2.8   5.15505e+06   5.15499e+06   5.15456e+06   5.15357e+06   5.15536e+06
          2.9   5.15465e+06   5.15466e+06   5.15382e+06   5.15185e+06   5.13894e+06
            3    5.1544e+06   5.15392e+06   5.15285e+06   5.13873e+06   5.13874e+06
          3.1   5.15378e+06   5.15301e+06   5.14931e+06   5.13799e+06   5.13612e+06
          3.2   5.15248e+06   5.15198e+06   5.13766e+06   5.13817e+06    5.1357e+06
          3.3   5.15109e+06    5.1416e+06   5.13745e+06   5.13752e+06   5.13497e+06
          3.4   5.14701e+06   5.13618e+06   5.13717e+06   5.13738e+06   5.13733e+06
          3.5   5.12278e+06   5.13536e+06   5.13649e+06    5.1371e+06   5.13778e+06
          3.6   5.12157e+06   5.13096e+06   5.13591e+06   5.13669e+06   5.13688e+06
          3.7   5.12067e+06   5.12101e+06   5.13474e+06   5.13588e+06   5.13481e+06
          3.8   5.12032e+06    5.1207e+06   5.12806e+06   5.13484e+06   5.13599e+06
          3.9   5.12013e+06   5.11998e+06   5.11974e+06   5.13358e+06    5.1317e+06
            4   5.11985e+06   5.11962e+06   5.11952e+06    5.1178e+06   5.13206e+06
          4.1   5.11937e+06   5.11938e+06   5.11882e+06   5.11772e+06   5.11871e+06
          4.2   5.11908e+06   5.11899e+06   5.11812e+06   5.11658e+06   5.10161e+06
          4.3   5.11873e+06   5.11818e+06   5.11717e+06   5.10925e+06   5.10299e+06
          4.4   5.11775e+06   5.11736e+06   5.11478e+06   5.10255e+06   5.10297e+06
          4.5   5.11674e+06   5.11614e+06   5.10212e+06   5.10239e+06   5.10117e+06
          4.6   5.11539e+06    5.1072e+06   5.10206e+06   5.10231e+06   5.10263e+06
          4.7   5.11279e+06   5.10062e+06   5.10173e+06     5.102e+06   5.10265e+06
          4.8   5.09568e+06   5.10001e+06   5.10121e+06    5.1018e+06   5.10233e+06
          4.9   5.08583e+06   5.09698e+06   5.10055e+06   5.10128e+06   5.10223e+06
            5   5.08594e+06   5.08575e+06   5.09922e+06   5.10062e+06   5.10147e+06
          5.1   5.08541e+06    5.0855e+06   5.08991e+06   5.09948e+06   5.09742e+06
          5.2   5.08509e+06   5.08517e+06   5.08479e+06   5.09742e+06   5.09945e+06
          5.3   5.08481e+06   5.08472e+06   5.08456e+06   5.08774e+06   5.09642e+06
          5.4   5.08443e+06   5.08426e+06   5.08377e+06   5.08267e+06   5.08325e+06
          5.5   5.08394e+06   5.08374e+06    5.0831e+06   5.08135e+06   5.06641e+06
          5.6   5.08339e+06   5.08299e+06   5.08182e+06   5.07138e+06   5.06871e+06
          5.7    5.0825e+06   5.08194e+06   5.07929e+06   5.06781e+06   5.06831e+06
          5.8   5.08153e+06   5.08056e+06   5.07004e+06   5.06768e+06   5.06831e+06
          5.9   5.07976e+06   5.07039e+06   5.06735e+06   5.06761e+06   5.06828e+06
            6   5.07629e+06   5.06603e+06   5.06712e+06    5.0674e+06   5.06623e+06
          6.1   5.05693e+06   5.06524e+06   5.06666e+06    5.0671e+06   5.06765e+06
          6.2   5.05171e+06   5.06048e+06   5.06576e+06   5.06656e+06   5.06727e+06
          6.3   5.05178e+06   5.05313e+06    5.0642e+06   5.06585e+06    5.0666e+06
          6.4   5.05146e+06    5.0515e+06   5.05265e+06    5.0645e+06   5.06562e+06
          6.5   5.05121e+06    5.0511e+06   5.05077e+06   5.06132e+06   5.06395e+06
          6.6   5.05066e+06   5.05062e+06   5.05031e+06   5.05024e+06   5.06106e+06
          6.7    5.0502e+06   5.05002e+06   5.04953e+06   5.04848e+06   5.04499e+06
          6.8   5.04958e+06   5.04939e+06   5.04862e+06   5.04629e+06   5.03296e+06
          6.9   5.04883e+06   5.04849e+06   5.04708e+06   5.03491e+06   5.03212e+06
            7   5.04789e+06   5.04728e+06   5.04227e+06   5.03425e+06   5.03369e+06
          7.1   5.04673e+06   5.04548e+06   5.03398e+06   5.03411e+06   5.03464e+06
          7.2   5.04455e+06   5.03585e+06   5.03371e+06   5.03399e+06   5.03448e+06
          7.3   5.03798e+06   5.03239e+06   5.03336e+06   5.03367e+06    5.0315e+06
          7.4    5.0187e+06   5.03097e+06   5.03269e+06   5.03326e+06   5.03375e+06
          7.5   5.01891e+06    5.0235e+06   5.03157e+06   5.03269e+06   5.03338e+06
          7.6   5.01881e+06   5.01873e+06   5.02904e+06   5.03173e+06   5.03268e+06
          7.7   5.01839e+06   5.01839e+06   5.01813e+06   5.02987e+06   5.03026e+06
          7.8   5.01783e+06   5.01782e+06   5.01757e+06   5.02137e+06   5.02903e+06
          7.9   5.01728e+06   5.01715e+06   5.01688e+06   5.01583e+06   5.02401e+06
            8   5.01663e+06    5.0165e+06   5.01591e+06   5.01451e+06   5.00149e+06
          8.1   5.01589e+06   5.01572e+06   5.01467e+06   5.00855e+06    5.0024e+06
          8.2   5.01505e+06   5.01464e+06   5.01266e+06   5.00139e+06   4.99998e+06
          8.3   5.01388e+06   5.01313e+06   5.00301e+06   5.00122e+06   5.00177e+06
          8.4   5.01241e+06   5.00949e+06   5.00085e+06   5.00113e+06   5.00157e+06
          8.5   5.00925e+06   4.99965e+06   5.00068e+06   5.00092e+06   5.00149e+06
          8.6   4.99193e+06   4.99889e+06   5.00015e+06   5.00059e+06   5.00123e+06
          8.7   4.98656e+06   4.99657e+06   4.99931e+06    5.0001e+06   5.00076e+06
          8.8   4.98662e+06    4.9867e+06   4.99775e+06   4.99932e+06   5.00014e+06
          8.9   4.98629e+06   4.98623e+06   4.98985e+06   4.99804e+06   4.99926e+06
            9   4.98579e+06   4.98565e+06   4.98549e+06   4.99521e+06   4.99731e+06
          9.1   4.98513e+06   4.98499e+06   4.98472e+06   4.98417e+06   4.99444e+06
          9.2   4.98444e+06   4.98438e+06   4.98386e+06   4.98278e+06    4.9802e+06
          9.3   4.98377e+06   4.98351e+06    4.9828e+06   4.98038e+06   4.97066e+06
          9.4    4.9828e+06   4.98249e+06   4.98118e+06   4.96957e+06   4.97003e+06
          9.5   4.98178e+06   4.98122e+06   4.97685e+06   4.96929e+06   4.96996e+06
          9.6   4.98065e+06   4.97925e+06   4.96904e+06    4.9692e+06   4.96954e+06
          9.7   4.97825e+06   4.96791e+06   4.96876e+06   4.96902e+06   4.96784e+06
          9.8   4.97116e+06   4.96737e+06   4.96844e+06   4.96876e+06   4.96926e+06
          9.9   4.95527e+06   4.96591e+06   4.96777e+06   4.96826e+06   4.96909e+06
           10   4.95524e+06   4.95531e+06   4.96658e+06   4.96766e+06   4.96833e+06
         10.1   4.95499e+06   4.95494e+06   4.96336e+06   4.96655e+06   4.96758e+06
         10.2   4.95455e+06   4.95439e+06   4.95405e+06   4.96444e+06   4.96608e+06
         10.3   4.95391e+06   4.95368e+06   4.95345e+06   4.95339e+06   4.96221e+06
         10.4   4.95302e+06   4.95304e+06    4.9526e+06   4.95171e+06   4.95704e+06
         10.5   4.95235e+06   4.95221e+06   4.95164e+06   4.94977e+06    4.9393e+06
         10.6   4.95146e+06   4.95113e+06   4.95018e+06    4.9425e+06   4.93902e+06
         10.7   4.95044e+06   4.94993e+06   4.94716e+06   4.93819e+06   4.93863e+06
         10.8   4.94929e+06   4.94829e+06   4.93782e+06   4.93812e+06   4.93872e+06
         10.9   4.94737e+06   4.94179e+06    4.9376e+06   4.93793e+06   4.93849e+06
           11   4.94311e+06   4.93628e+06   4.93731e+06   4.93768e+06    4.9382e+06
         11.1   4.92394e+06   4.93518e+06   4.93683e+06    4.9373e+06   4.93694e+06
         11.2   4.92445e+06   4.93084e+06   4.93574e+06   4.93667e+06   4.93743e+06
         11.3   4.92447e+06   4.92431e+06   4.93358e+06   4.93575e+06   4.93653e+06
         11.4   4.92394e+06   4.92385e+06   4.92337e+06   4.93389e+06   4.93499e+06
         11.5   4.92334e+06   4.92303e+06   4.92288e+06   4.92843e+06    4.9312e+06
         11.6   4.92252e+06   4.92238e+06   4.92199e+06   4.92117e+06   4.92862e+06
         11.7   4.92167e+06   4.92152e+06   4.92099e+06   4.91949e+06   4.90749e+06
         11.8    4.9208e+06   4.92057e+06   4.91964e+06    4.9151e+06   4.90886e+06
         11.9   4.91972e+06   4.91931e+06   4.91737e+06   4.90777e+06   4.90812e+06
           12    4.9186e+06    4.9177e+06   4.90764e+06   4.90757e+06    4.9082e+06
         12.1   4.91695e+06   4.91389e+06    4.9072e+06   4.90751e+06   4.90807e+06
         12.2   4.91325e+06   4.90611e+06   4.90698e+06   4.90729e+06   4.90707e+06
         12.3     4.897e+06   4.90508e+06   4.90653e+06   4.90695e+06   4.90751e+06
         12.4   4.89454e+06   4.90162e+06   4.90562e+06   4.90638e+06   4.90703e+06
         12.5   4.89441e+06   4.89439e+06    4.9036e+06   4.90551e+06   4.90611e+06
         12.6   4.89404e+06   4.89401e+06   4.89485e+06   4.90394e+06   4.90505e+06
         12.7   4.89339e+06    4.8932e+06   4.89302e+06   4.89961e+06   4.90324e+06
         12.8    4.8926e+06   4.89244e+06   4.89206e+06   4.89132e+06   4.89894e+06
         12.9   4.89171e+06   4.89162e+06   4.89104e+06   4.88972e+06    4.8806e+06
           13   4.89081e+06   4.89056e+06   4.88974e+06   4.88584e+06   4.87912e+06
         13.1   4.88972e+06   4.88935e+06   4.88752e+06   4.87828e+06   4.87714e+06
         13.2   4.88858e+06   4.88777e+06   4.87895e+06     4.878e+06   4.87848e+06
         13.3   4.88699e+06   4.88399e+06   4.87766e+06   4.87791e+06   4.87837e+06
         13.4   4.88358e+06   4.87656e+06   4.87736e+06   4.87766e+06   4.87823e+06
         13.5   4.86842e+06   4.87557e+06   4.87689e+06   4.87732e+06   4.87712e+06
         13.6   4.86548e+06   4.87228e+06   4.87599e+06   4.87673e+06   4.87735e+06
         13.7   4.86527e+06   4.86523e+06   4.87401e+06   4.87588e+06   4.87444e+06
         13.8   4.86497e+06   4.86483e+06   4.86551e+06   4.87423e+06   4.87522e+06
         13.9    4.8642e+06   4.86403e+06   4.86376e+06   4.86968e+06    4.8735e+06
           14    4.8633e+06   4.86323e+06   4.86284e+06   4.86199e+06   4.86879e+06
         14.1   4.86236e+06   4.86229e+06    4.8618e+06   4.86037e+06   4.85287e+06
         14.2   4.86141e+06   4.86122e+06   4.86042e+06   4.85653e+06   4.85039e+06
         14.3    4.8603e+06   4.85993e+06   4.85811e+06    4.8495e+06   4.84846e+06
         14.4   4.85914e+06   4.85832e+06   4.84958e+06   4.84911e+06   4.84978e+06
         14.5   4.85752e+06   4.85447e+06   4.84874e+06   4.84903e+06   4.84946e+06
         14.6    4.8538e+06   4.84763e+06   4.84843e+06   4.84874e+06   4.84749e+06
         14.7   4.83994e+06    4.8465e+06   4.84791e+06    4.8483e+06   4.84878e+06
         14.8   4.83694e+06   4.84284e+06   4.84694e+06   4.84768e+06   4.84592e+06
         14.9   4.83684e+06   4.83676e+06   4.84474e+06   4.84673e+06   4.84756e+06
           15   4.83644e+06   4.83624e+06   4.83645e+06   4.84494e+06   4.84558e+06
         15.1   4.83552e+06   4.83545e+06    4.8351e+06      4.84e+06   4.84223e+06
         15.2   4.83454e+06   4.83447e+06   4.83415e+06   4.83333e+06   4.83944e+06
         15.3   4.83356e+06   4.83347e+06   4.83305e+06   4.83149e+06   4.82293e+06
         15.4   4.83253e+06    4.8323e+06   4.83143e+06    4.8268e+06   4.82028e+06
         15.5   4.83136e+06   4.83098e+06   4.82881e+06   4.82127e+06   4.82168e+06
         15.6   4.83013e+06    4.8292e+06    4.8207e+06   4.82087e+06   4.82149e+06
         15.7   4.82837e+06   4.82414e+06   4.82042e+06   4.82071e+06   4.82095e+06
         15.8   4.82395e+06   4.81925e+06   4.82005e+06   4.82033e+06   4.82078e+06
         15.9   4.80976e+06   4.81786e+06   4.81939e+06    4.8198e+06   4.81964e+06
           16   4.80909e+06   4.81283e+06   4.81819e+06   4.81907e+06   4.81971e+06
         16.1   4.80894e+06   4.80877e+06   4.81549e+06   4.81799e+06   4.81879e+06
         16.2   4.80828e+06    4.8081e+06   4.80793e+06   4.81579e+06   4.81682e+06
         16.3   4.80724e+06   4.80722e+06   4.80689e+06   4.80906e+06   4.81447e+06
         16.4   4.80623e+06   4.80616e+06   4.80586e+06   4.80496e+06   4.80827e+06
         16.5   4.80518e+06   4.80507e+06   4.80458e+06   4.80278e+06   4.79512e+06
         16.6   4.80407e+06   4.80384e+06   4.80284e+06   4.79617e+06   4.79451e+06
         16.7   4.80283e+06   4.80237e+06    4.7993e+06   4.79349e+06   4.79215e+06
         16.8   4.80153e+06   4.80028e+06   4.79298e+06   4.79313e+06   4.79361e+06
         16.9    4.7993e+06   4.79317e+06   4.79258e+06   4.79284e+06   4.79296e+06
           17   4.79263e+06    4.7912e+06   4.79208e+06   4.79234e+06    4.7928e+06
         17.1   4.78202e+06   4.78931e+06   4.79122e+06   4.79172e+06   4.79224e+06
         17.2    4.7817e+06   4.78237e+06   4.78975e+06   4.79085e+06   4.79047e+06
         17.3   4.78138e+06   4.78119e+06   4.78555e+06   4.78951e+06   4.79033e+06
         17.4   4.78044e+06   4.78033e+06   4.78011e+06   4.78655e+06   4.78847e+06
         17.5   4.77934e+06   4.77932e+06   4.77903e+06   4.77857e+06   4.78382e+06
         17.6   4.77827e+06   4.77818e+06   4.77787e+06   4.77684e+06    4.7759e+06
         17.7   4.77715e+06   4.77698e+06   4.77643e+06   4.77397e+06   4.76802e+06
         17.8   4.77594e+06   4.77565e+06   4.77428e+06   4.76692e+06   4.76531e+06
         17.9   4.77461e+06   4.77401e+06    4.7689e+06   4.76609e+06   4.76668e+06
           18   4.77312e+06   4.77102e+06   4.76558e+06   4.76575e+06   4.76517e+06
         18.1   4.77005e+06   4.76461e+06   4.76507e+06    4.7653e+06   4.76572e+06
         18.2   4.75928e+06   4.76329e+06    4.7644e+06    4.7647e+06   4.76516e+06
         18.3   4.75503e+06   4.76025e+06    4.7633e+06   4.76392e+06   4.76404e+06
         18.4   4.75462e+06   4.75464e+06    4.7612e+06   4.76287e+06    4.7618e+06
         18.5   4.75398e+06   4.75381e+06   4.75457e+06   4.76101e+06   4.76017e+06
         18.6   4.75284e+06    4.7528e+06   4.75255e+06   4.75644e+06   4.75799e+06
         18.7   4.75169e+06   4.75165e+06   4.75139e+06   4.75078e+06   4.75501e+06
         18.8   4.75054e+06   4.75044e+06   4.75008e+06   4.74871e+06    4.7419e+06
         18.9   4.74933e+06   4.74914e+06   4.74836e+06   4.74402e+06   4.74088e+06
           19   4.74802e+06   4.74767e+06   4.74541e+06   4.73975e+06   4.73905e+06
         19.1   4.74669e+06   4.74567e+06   4.73915e+06   4.73906e+06   4.73957e+06
         19.2   4.74462e+06   4.74036e+06   4.73843e+06   4.73863e+06     4.739e+06
         19.3   4.73921e+06   4.73711e+06   4.73779e+06   4.73801e+06   4.73835e+06
         19.4   4.72902e+06   4.73524e+06   4.73688e+06   4.73725e+06   4.73565e+06
         19.5   4.72823e+06   4.72976e+06   4.73537e+06   4.73632e+06    4.7369e+06
         19.6    4.7277e+06   4.72758e+06   4.73171e+06    4.7349e+06    4.7357e+06
         19.7   4.72665e+06   4.72656e+06   4.72648e+06    4.7321e+06   4.73384e+06
         19.8   4.72544e+06   4.72542e+06   4.72518e+06   4.72532e+06   4.72924e+06
         19.9   4.72424e+06   4.72418e+06    4.7239e+06     4.723e+06   4.72218e+06
           20   4.72302e+06   4.72286e+06   4.72236e+06      4.72e+06   4.71447e+06
         20.1   4.72169e+06   4.72145e+06   4.72014e+06   4.71401e+06    4.7123e+06
         20.2   4.72028e+06   4.71969e+06    4.7151e+06   4.71283e+06   4.71333e+06
         20.3   4.71867e+06   4.71654e+06   4.71219e+06   4.71227e+06   4.71268e+06
         20.4    4.7153e+06   4.71118e+06   4.71147e+06   4.71165e+06   4.71197e+06
         20.5   4.70577e+06   4.70954e+06   4.71062e+06   4.71088e+06   4.71043e+06
         20.6   4.70226e+06   4.70612e+06   4.70935e+06   4.70995e+06   4.70853e+06
         20.7    4.7016e+06   4.70168e+06   4.70689e+06   4.70876e+06   4.70777e+06
         20.8    4.7007e+06   4.70058e+06   4.70112e+06   4.70663e+06   4.70671e+06
         20.9   4.69945e+06   4.69942e+06   4.69922e+06   4.70166e+06   4.70516e+06
           21   4.69819e+06   4.69814e+06   4.69792e+06   4.69733e+06   4.69964e+06
         21.1   4.69691e+06   4.69681e+06   4.69644e+06   4.69492e+06   4.68956e+06
         21.2   4.69557e+06   4.69537e+06   4.69449e+06   4.68978e+06   4.68825e+06
         21.3   4.69416e+06   4.69373e+06   4.69095e+06   4.68699e+06   4.68738e+06
         21.4   4.69264e+06    4.6913e+06   4.68637e+06   4.68622e+06   4.68655e+06
         21.5   4.69008e+06   4.68606e+06    4.6854e+06   4.68555e+06   4.68536e+06
         21.6   4.68315e+06   4.68381e+06   4.68455e+06   4.68474e+06    4.6838e+06
         21.7   4.67674e+06   4.68128e+06   4.68338e+06   4.68381e+06   4.68277e+06
         21.8   4.67577e+06   4.67633e+06   4.68141e+06   4.68266e+06   4.68154e+06
         21.9   4.67491e+06   4.67483e+06   4.67673e+06   4.68084e+06   4.68028e+06
           22   4.67366e+06   4.67361e+06   4.67352e+06   4.67709e+06    4.6795e+06
         22.1   4.67234e+06    4.6723e+06   4.67209e+06   4.67186e+06   4.67422e+06
         22.2     4.671e+06   4.67092e+06   4.67063e+06   4.66951e+06   4.66573e+06
         22.3   4.66964e+06   4.66946e+06   4.66881e+06    4.6655e+06   4.66277e+06
         22.4   4.66819e+06   4.66786e+06   4.66585e+06   4.66151e+06    4.6617e+06
         22.5   4.66667e+06   4.66573e+06   4.66107e+06   4.66043e+06   4.66088e+06
         22.6   4.66444e+06   4.66135e+06   4.65958e+06    4.6597e+06   4.66007e+06
         22.7   4.65916e+06   4.65817e+06   4.65867e+06   4.65884e+06    4.6592e+06
         22.8   4.65178e+06   4.65593e+06   4.65752e+06   4.65785e+06   4.65829e+06
         22.9   4.65017e+06   4.65148e+06   4.65574e+06   4.65669e+06   4.65722e+06
           23   4.64927e+06   4.64923e+06   4.65192e+06   4.65503e+06    4.6558e+06
         23.1     4.648e+06   4.64796e+06   4.64805e+06   4.65186e+06   4.65363e+06
         23.2   4.64663e+06   4.64661e+06   4.64643e+06    4.6467e+06   4.65002e+06
         23.3   4.64525e+06   4.64519e+06   4.64493e+06     4.644e+06   4.64225e+06
         23.4   4.64384e+06    4.6437e+06   4.64315e+06   4.64049e+06   4.63754e+06
         23.5   4.64234e+06    4.6421e+06   4.64048e+06   4.63631e+06   4.63623e+06
         23.6   4.64081e+06   4.64001e+06   4.63604e+06   4.63487e+06   4.63527e+06
         23.7   4.63872e+06   4.63624e+06   4.63399e+06   4.63402e+06   4.63441e+06
         23.8   4.63418e+06   4.63267e+06   4.63295e+06   4.63311e+06   4.63348e+06
         23.9   4.62708e+06   4.63043e+06   4.63177e+06   4.63207e+06    4.6325e+06
           24   4.62479e+06   4.62649e+06   4.63004e+06   4.63086e+06   4.63139e+06
         24.1   4.62375e+06   4.62382e+06   4.62669e+06   4.62922e+06   4.62993e+06
         24.2   4.62247e+06   4.62244e+06   4.62269e+06   4.62631e+06   4.62685e+06
         24.3   4.62105e+06   4.62104e+06   4.62087e+06   4.62151e+06   4.62444e+06
         24.4   4.61962e+06   4.61956e+06   4.61933e+06   4.61854e+06   4.61694e+06
         24.5   4.61815e+06   4.61803e+06   4.61753e+06   4.61522e+06   4.61141e+06
         24.6   4.61662e+06   4.61637e+06   4.61495e+06   4.61118e+06   4.61077e+06
         24.7   4.61502e+06   4.61429e+06   4.61089e+06   4.60949e+06   4.60961e+06
         24.8   4.61289e+06   4.61083e+06   4.60855e+06    4.6085e+06   4.60854e+06
         24.9   4.60865e+06   4.60724e+06   4.60738e+06   4.60751e+06   4.60748e+06
           25   4.60222e+06   4.60489e+06   4.60614e+06    4.6064e+06   4.60666e+06
         25.1   4.59954e+06   4.60125e+06   4.60437e+06   4.60513e+06   4.60555e+06
         25.2   4.59836e+06    4.5985e+06   4.60113e+06   4.60344e+06    4.6041e+06
         25.3   4.59703e+06   4.59699e+06   4.59738e+06   4.60053e+06   4.60187e+06
         25.4   4.59555e+06   4.59552e+06   4.59542e+06   4.59615e+06   4.59865e+06
         25.5   4.59407e+06   4.59401e+06   4.59379e+06   4.59307e+06   4.59158e+06
         25.6   4.59255e+06   4.59242e+06   4.59192e+06   4.58974e+06   4.58741e+06
         25.7   4.59096e+06   4.59072e+06   4.58929e+06   4.58602e+06   4.58567e+06
         25.8    4.5893e+06   4.58855e+06   4.58557e+06   4.58419e+06   4.58448e+06
         25.9   4.58707e+06   4.58517e+06   4.58321e+06   4.58311e+06   4.58342e+06
           26   4.58274e+06   4.58183e+06   4.58192e+06   4.58202e+06   4.58239e+06
         26.1   4.57707e+06   4.57932e+06   4.58057e+06   4.58085e+06   4.58125e+06
         26.2   4.57439e+06   4.57586e+06   4.57865e+06   4.57948e+06   4.57996e+06
         26.3   4.57305e+06   4.57323e+06   4.57545e+06   4.57767e+06   4.57837e+06
         26.4   4.57163e+06   4.57161e+06   4.57205e+06   4.57465e+06   4.57598e+06
         26.5   4.57011e+06   4.57008e+06   4.56999e+06   4.57064e+06   4.57142e+06
         26.6   4.56857e+06   4.56851e+06   4.56827e+06   4.56752e+06   4.56667e+06
         26.7     4.567e+06   4.56686e+06   4.56631e+06   4.56418e+06   4.56237e+06
         26.8   4.56536e+06   4.56508e+06   4.56355e+06   4.56082e+06   4.55903e+06
         26.9    4.5636e+06   4.56275e+06   4.56013e+06   4.55898e+06    4.5588e+06
           27    4.5611e+06   4.55942e+06    4.5579e+06   4.55779e+06   4.55809e+06
         27.1   4.55671e+06   4.55634e+06    4.5565e+06   4.55662e+06   4.55688e+06
         27.2   4.55182e+06   4.55362e+06     4.555e+06   4.55534e+06   4.55559e+06
         27.3   4.54926e+06    4.5504e+06   4.55288e+06   4.55387e+06   4.55419e+06
         27.4   4.54777e+06   4.54797e+06    4.5497e+06   4.55183e+06   4.55253e+06
         27.5   4.54627e+06   4.54627e+06   4.54665e+06   4.54866e+06   4.55019e+06
         27.6    4.5447e+06   4.54467e+06   4.54458e+06     4.545e+06    4.5462e+06
         27.7    4.5431e+06   4.54305e+06   4.54276e+06   4.54184e+06    4.5411e+06
         27.8   4.54146e+06   4.54133e+06   4.54062e+06   4.53852e+06   4.53722e+06
         27.9   4.53977e+06   4.53939e+06   4.53776e+06    4.5356e+06   4.53531e+06
           28   4.53781e+06   4.53688e+06   4.53473e+06   4.53383e+06   4.53392e+06
         28.1   4.53495e+06   4.53369e+06   4.53265e+06   4.53253e+06   4.53279e+06
         28.2   4.53056e+06   4.53077e+06   4.53112e+06   4.53126e+06   4.53013e+06
         28.3   4.52652e+06   4.52791e+06   4.52941e+06   4.52986e+06    4.5301e+06
         28.4   4.52415e+06   4.52499e+06     4.527e+06   4.52819e+06   4.52722e+06
         28.5   4.52252e+06   4.52271e+06   4.52395e+06   4.52582e+06   4.52667e+06
         28.6   4.52093e+06   4.52094e+06   4.52128e+06   4.52261e+06    4.5239e+06
         28.7   4.51931e+06   4.51928e+06   4.51917e+06   4.51926e+06   4.51972e+06
         28.8   4.51765e+06   4.51756e+06   4.51716e+06   4.51605e+06   4.51526e+06
         28.9   4.51595e+06   4.51574e+06   4.51477e+06   4.51298e+06   4.51223e+06
           29   4.51409e+06   4.51356e+06   4.51199e+06   4.51056e+06   4.51035e+06
         29.1   4.51168e+06   4.51085e+06    4.5095e+06   4.50886e+06   4.50888e+06
         29.2   4.50826e+06   4.50792e+06   4.50759e+06   4.50749e+06   4.50737e+06
         29.3   4.50447e+06   4.50504e+06   4.50583e+06   4.50612e+06    4.5064e+06
         29.4   4.50186e+06   4.50229e+06   4.50338e+06   4.50429e+06   4.50339e+06
         29.5   4.49979e+06   4.50001e+06   4.50072e+06    4.5017e+06   4.50237e+06
         29.6   4.49775e+06    4.4979e+06   4.49833e+06   4.49878e+06   4.49912e+06
         29.7   4.49581e+06   4.49591e+06     4.496e+06    4.4958e+06   4.49588e+06
         29.8   4.49394e+06   4.49386e+06   4.49349e+06    4.4931e+06   4.49315e+06
         29.9   4.49185e+06   4.49159e+06   4.49111e+06   4.49071e+06   4.49071e+06
           30   4.48938e+06   4.48925e+06   4.48889e+06   4.48853e+06   4.48852e+06
         30.1   4.48683e+06   4.48679e+06   4.48666e+06   4.48643e+06   4.48655e+06
         30.2   4.48431e+06   4.48432e+06   4.48436e+06   4.48434e+06    4.4845e+06
         30.3   4.48185e+06   4.48191e+06   4.48204e+06   4.48219e+06   4.48131e+06
         30.4   4.47946e+06   4.47954e+06   4.47973e+06   4.47993e+06   4.48034e+06
         30.5   4.47718e+06   4.47725e+06   4.47741e+06   4.47753e+06   4.47772e+06
         30.6   4.47495e+06     4.475e+06   4.47505e+06   4.47509e+06   4.47521e+06
         30.7   4.47277e+06   4.47274e+06   4.47268e+06   4.47262e+06   4.47269e+06
         30.8   4.47053e+06   4.47048e+06   4.47033e+06   4.47019e+06    4.4704e+06
         30.9   4.46825e+06   4.46817e+06   4.46801e+06   4.46784e+06   4.46795e+06
           31   4.46587e+06   4.46582e+06   4.46569e+06   4.46553e+06   4.46545e+06
         31.1   4.46349e+06   4.46346e+06   4.46339e+06   4.46328e+06   4.46352e+06
         31.2   4.46107e+06   4.46108e+06   4.46105e+06   4.46103e+06   4.46121e+06
         31.3   4.45867e+06    4.4587e+06   4.45874e+06   4.45876e+06   4.45893e+06
         31.4    4.4563e+06   4.45634e+06    4.4564e+06   4.45646e+06   4.45677e+06
         31.5   4.45398e+06     4.454e+06   4.45407e+06   4.45412e+06   4.45435e+06
         31.6    4.4517e+06   4.45171e+06   4.45173e+06   4.45175e+06   4.45096e+06
         31.7    4.4494e+06   4.44939e+06   4.44937e+06   4.44935e+06   4.44955e+06
         31.8   4.44713e+06    4.4471e+06   4.44705e+06   4.44696e+06   4.44591e+06
         31.9    4.4448e+06   4.44478e+06   4.44469e+06   4.44461e+06   4.44472e+06
           32   4.44248e+06   4.44244e+06   4.44236e+06   4.44228e+06   4.44204e+06
         32.1   4.44012e+06   4.44009e+06   4.44003e+06   4.43995e+06   4.44011e+06
         32.2   4.43775e+06   4.43774e+06   4.43771e+06   4.43766e+06   4.43702e+06
         32.3   4.43536e+06   4.43538e+06   4.43538e+06   4.43536e+06   4.43549e+06
         32.4   4.43301e+06   4.43301e+06   4.43304e+06   4.43305e+06   4.43206e+06
         32.5   4.43067e+06   4.43067e+06    4.4307e+06   4.43072e+06   4.43085e+06
         32.6   4.42833e+06   4.42834e+06   4.42835e+06   4.42834e+06   4.42772e+06
         32.7   4.42602e+06   4.42602e+06   4.42601e+06   4.42598e+06    4.4262e+06
         32.8   4.42371e+06   4.42371e+06   4.42368e+06   4.42361e+06   4.42383e+06
         32.9   4.42139e+06   4.42137e+06   4.42134e+06   4.42126e+06   4.42011e+06
           33   4.41907e+06   4.41905e+06   4.41899e+06   4.41892e+06     4.419e+06
         33.1   4.41671e+06   4.41668e+06   4.41664e+06   4.41658e+06   4.41655e+06
         33.2   4.41435e+06   4.41435e+06   4.41431e+06   4.41426e+06   4.41443e+06
         33.3     4.412e+06   4.41199e+06   4.41196e+06   4.41194e+06   4.41204e+06
         33.4   4.40963e+06   4.40963e+06   4.40964e+06   4.40961e+06   4.40887e+06
         33.5   4.40728e+06   4.40727e+06   4.40728e+06   4.40728e+06   4.40748e+06
         33.6   4.40493e+06   4.40494e+06   4.40494e+06   4.40493e+06   4.40504e+06
         33.7    4.4026e+06    4.4026e+06    4.4026e+06   4.40257e+06   4.40168e+06
         33.8   4.40028e+06   4.40027e+06   4.40024e+06    4.4002e+06    4.4004e+06
         33.9   4.39795e+06   4.39794e+06    4.3979e+06   4.39786e+06   4.39798e+06
           34   4.39561e+06   4.39559e+06   4.39555e+06   4.39548e+06   4.39569e+06
         34.1   4.39326e+06   4.39325e+06   4.39322e+06   4.39316e+06   4.39314e+06
         34.2    4.3909e+06    4.3909e+06   4.39087e+06   4.39081e+06   4.39102e+06
         34.3   4.38855e+06   4.38853e+06   4.38853e+06   4.38848e+06   4.38869e+06
         34.4   4.38618e+06   4.38618e+06   4.38617e+06   4.38614e+06    4.3851e+06
         34.5   4.38383e+06   4.38384e+06   4.38384e+06    4.3838e+06   4.38401e+06
         34.6   4.38148e+06   4.38149e+06   4.38147e+06   4.38146e+06   4.38157e+06
         34.7   4.37913e+06   4.37913e+06   4.37912e+06   4.37909e+06   4.37833e+06
         34.8    4.3768e+06   4.37679e+06   4.37677e+06   4.37673e+06   4.37689e+06
         34.9   4.37446e+06   4.37445e+06   4.37442e+06   4.37437e+06   4.37457e+06
           35   4.37212e+06   4.37211e+06   4.37207e+06   4.37202e+06   4.37213e+06
         35.1   4.36976e+06   4.36975e+06   4.36972e+06   4.36966e+06   4.36966e+06
         35.2   4.36741e+06    4.3674e+06   4.36737e+06   4.36732e+06   4.36649e+06
         35.3   4.36506e+06   4.36504e+06   4.36503e+06   4.36498e+06    4.3652e+06
         35.4   4.36268e+06   4.36269e+06   4.36267e+06   4.36264e+06   4.36276e+06
         35.5   4.36032e+06   4.36033e+06   4.36032e+06    4.3603e+06   4.36053e+06
         35.6   4.35798e+06   4.35797e+06   4.35797e+06   4.35794e+06   4.35683e+06
         35.7   4.35563e+06   4.35564e+06   4.35561e+06   4.35558e+06   4.35578e+06
         35.8   4.35328e+06   4.35327e+06   4.35325e+06   4.35322e+06    4.3534e+06
         35.9   4.35093e+06   4.35093e+06   4.35091e+06   4.35087e+06   4.35091e+06
           36   4.34858e+06   4.34858e+06   4.34854e+06   4.34851e+06    4.3487e+06
         36.1   4.34623e+06   4.34623e+06   4.34619e+06   4.34614e+06   4.34592e+06
         36.2   4.34388e+06   4.34386e+06   4.34385e+06   4.34379e+06   4.34255e+06
         36.3   4.34152e+06    4.3415e+06   4.34149e+06   4.34144e+06   4.34163e+06
         36.4   4.33915e+06   4.33914e+06   4.33914e+06   4.33909e+06   4.33933e+06
         36.5   4.33678e+06   4.33678e+06   4.33678e+06   4.33675e+06    4.3369e+06
         36.6   4.33443e+06   4.33442e+06   4.33441e+06   4.33439e+06   4.33449e+06
         36.7   4.33207e+06   4.33207e+06   4.33206e+06   4.33202e+06   4.33222e+06
         36.8   4.32971e+06   4.32971e+06   4.32969e+06   4.32966e+06   4.32943e+06
         36.9   4.32736e+06   4.32737e+06   4.32733e+06    4.3273e+06   4.32628e+06
           37   4.32501e+06     4.325e+06   4.32497e+06   4.32493e+06    4.3244e+06
         37.1   4.32266e+06   4.32264e+06   4.32262e+06   4.32257e+06   4.32276e+06
         37.2   4.32029e+06   4.32029e+06   4.32026e+06   4.32021e+06   4.32044e+06
         37.3   4.31793e+06   4.31792e+06   4.31789e+06   4.31786e+06   4.31805e+06
         37.4   4.31556e+06   4.31555e+06   4.31554e+06    4.3155e+06    4.3156e+06
         37.5    4.3132e+06   4.31319e+06   4.31318e+06   4.31314e+06   4.31324e+06
         37.6   4.31084e+06   4.31083e+06   4.31083e+06   4.31079e+06     4.311e+06
         37.7   4.30847e+06   4.30847e+06   4.30845e+06   4.30843e+06   4.30862e+06
         37.8   4.30612e+06   4.30611e+06   4.30609e+06   4.30606e+06   4.30573e+06
         37.9   4.30377e+06   4.30374e+06   4.30373e+06    4.3037e+06   4.30264e+06
           38   4.30139e+06   4.30139e+06   4.30137e+06   4.30132e+06   4.30013e+06
         38.1   4.29903e+06   4.29902e+06   4.29901e+06   4.29895e+06   4.29817e+06
         38.2   4.29667e+06   4.29666e+06   4.29663e+06    4.2966e+06   4.29661e+06
         38.3    4.2943e+06   4.29429e+06   4.29428e+06   4.29423e+06   4.29442e+06
         38.4   4.29194e+06   4.29193e+06   4.29191e+06   4.29188e+06   4.29209e+06
         38.5   4.28956e+06   4.28956e+06   4.28955e+06    4.2895e+06   4.28973e+06
         38.6    4.2872e+06   4.28719e+06   4.28718e+06   4.28714e+06   4.28737e+06
         38.7   4.28483e+06   4.28483e+06   4.28482e+06   4.28478e+06   4.28498e+06
         38.8   4.28247e+06   4.28246e+06   4.28245e+06    4.2824e+06   4.28261e+06
         38.9   4.28011e+06    4.2801e+06   4.28008e+06   4.28004e+06    4.2802e+06
           39   4.27774e+06   4.27773e+06   4.27771e+06   4.27767e+06   4.27783e+06
         39.1   4.27538e+06   4.27536e+06   4.27534e+06    4.2753e+06   4.27547e+06
         39.2     4.273e+06   4.27299e+06   4.27297e+06   4.27293e+06    4.2731e+06
         39.3   4.27063e+06   4.27063e+06    4.2706e+06   4.27057e+06   4.27071e+06
         39.4   4.26826e+06   4.26825e+06   4.26823e+06    4.2682e+06   4.26833e+06
         39.5    4.2659e+06   4.26588e+06   4.26587e+06   4.26584e+06   4.26593e+06
         39.6   4.26352e+06   4.26351e+06    4.2635e+06   4.26346e+06   4.26361e+06
         39.7   4.26114e+06   4.26113e+06   4.26113e+06    4.2611e+06   4.26126e+06
         39.8   4.25877e+06   4.25877e+06   4.25875e+06   4.25871e+06    4.2589e+06
         39.9    4.2564e+06   4.25641e+06   4.25638e+06   4.25634e+06   4.25653e+06
           40   4.25404e+06   4.25403e+06   4.25402e+06   4.25397e+06   4.25418e+06
         40.1   4.25166e+06   4.25166e+06   4.25164e+06    4.2516e+06   4.25182e+06
         40.2    4.2493e+06   4.24929e+06   4.24926e+06   4.24923e+06   4.24944e+06
         40.3   4.24691e+06   4.24691e+06    4.2469e+06   4.24686e+06   4.24709e+06
         40.4   4.24454e+06   4.24453e+06   4.24451e+06   4.24449e+06   4.24471e+06
         40.5   4.24216e+06   4.24216e+06   4.24215e+06   4.24212e+06   4.24231e+06
         40.6   4.23979e+06    4.2398e+06   4.23977e+06   4.23973e+06   4.23994e+06
         40.7   4.23743e+06   4.23742e+06    4.2374e+06   4.23736e+06   4.23754e+06
         40.8   4.23505e+06   4.23504e+06   4.23502e+06   4.23499e+06   4.23477e+06
         40.9   4.23268e+06   4.23267e+06   4.23264e+06   4.23261e+06   4.23168e+06
           41    4.2303e+06   4.23029e+06   4.23026e+06   4.23023e+06   4.22942e+06
         41.1   4.22792e+06   4.22791e+06    4.2279e+06   4.22786e+06   4.22774e+06
         41.2   4.22555e+06   4.22553e+06   4.22551e+06   4.22549e+06   4.22568e+06
         41.3   4.22317e+06   4.22316e+06   4.22314e+06    4.2231e+06   4.22323e+06
         41.4   4.22079e+06   4.22078e+06   4.22076e+06   4.22072e+06   4.22078e+06
         41.5   4.21841e+06   4.21841e+06   4.21839e+06   4.21834e+06   4.21845e+06
         41.6   4.21603e+06   4.21603e+06     4.216e+06   4.21598e+06   4.21616e+06
         41.7   4.21365e+06   4.21364e+06   4.21362e+06   4.21359e+06   4.21381e+06
         41.8   4.21127e+06   4.21126e+06   4.21125e+06   4.21121e+06   4.21139e+06
         41.9   4.20889e+06   4.20888e+06   4.20887e+06   4.20882e+06   4.20861e+06
           42   4.20651e+06   4.20651e+06   4.20649e+06   4.20646e+06   4.20549e+06
         42.1   4.20414e+06   4.20413e+06   4.20412e+06   4.20407e+06    4.2034e+06
         42.2   4.20176e+06   4.20174e+06   4.20173e+06   4.20169e+06   4.20182e+06
         42.3   4.19937e+06   4.19937e+06   4.19934e+06   4.19931e+06   4.19942e+06
         42.4   4.19699e+06   4.19698e+06   4.19696e+06   4.19693e+06   4.19701e+06
         42.5   4.19461e+06   4.19461e+06   4.19459e+06   4.19455e+06   4.19473e+06
         42.6   4.19222e+06   4.19221e+06    4.1922e+06   4.19217e+06   4.19238e+06
         42.7   4.18984e+06   4.18984e+06   4.18983e+06   4.18978e+06    4.1898e+06
         42.8   4.18745e+06   4.18745e+06   4.18743e+06    4.1874e+06   4.18642e+06
         42.9   4.18508e+06   4.18507e+06   4.18505e+06   4.18501e+06   4.18499e+06
           43   4.18268e+06   4.18268e+06   4.18267e+06   4.18263e+06   4.18278e+06
         43.1    4.1803e+06    4.1803e+06   4.18028e+06   4.18024e+06   4.18033e+06
         43.2   4.17793e+06   4.17791e+06   4.17789e+06   4.17786e+06   4.17804e+06
         43.3   4.17554e+06   4.17552e+06   4.17551e+06   4.17547e+06   4.17568e+06
         43.4   4.17315e+06   4.17314e+06   4.17312e+06   4.17309e+06   4.17261e+06
         43.5   4.17076e+06   4.17075e+06   4.17073e+06    4.1707e+06   4.17012e+06
         43.6   4.16837e+06   4.16837e+06   4.16835e+06   4.16832e+06    4.1685e+06
         43.7   4.16598e+06   4.16598e+06   4.16596e+06   4.16593e+06   4.16602e+06
         43.8    4.1636e+06   4.16359e+06   4.16357e+06   4.16354e+06   4.16374e+06
         43.9   4.16122e+06    4.1612e+06    4.1612e+06   4.16116e+06   4.16134e+06
           44   4.15882e+06   4.15883e+06    4.1588e+06   4.15876e+06   4.15775e+06
         44.1   4.15643e+06   4.15644e+06   4.15641e+06   4.15637e+06   4.15655e+06
         44.2   4.15404e+06   4.15404e+06   4.15402e+06   4.15399e+06   4.15406e+06
         44.3   4.15166e+06   4.15165e+06   4.15164e+06   4.15159e+06   4.15179e+06
         44.4   4.14927e+06   4.14925e+06   4.14925e+06    4.1492e+06   4.14939e+06
         44.5   4.14688e+06   4.14687e+06   4.14686e+06   4.14681e+06   4.14597e+06
         44.6   4.14449e+06   4.14448e+06   4.14446e+06   4.14442e+06   4.14462e+06
         44.7    4.1421e+06   4.14208e+06   4.14207e+06   4.14204e+06   4.14211e+06
         44.8    4.1397e+06    4.1397e+06   4.13967e+06   4.13964e+06   4.13986e+06
         44.9    4.1373e+06   4.13731e+06   4.13728e+06   4.13725e+06   4.13654e+06
           45   4.13492e+06   4.13491e+06   4.13489e+06   4.13486e+06   4.13496e+06
         45.1   4.13252e+06   4.13251e+06   4.13251e+06   4.13246e+06   4.13254e+06
         45.2   4.13012e+06   4.13012e+06    4.1301e+06   4.13007e+06   4.13028e+06
         45.3   4.12774e+06   4.12773e+06   4.12771e+06   4.12769e+06   4.12785e+06
         45.4   4.12534e+06   4.12534e+06   4.12532e+06   4.12528e+06   4.12496e+06
         45.5   4.12295e+06   4.12295e+06   4.12293e+06   4.12289e+06   4.12297e+06
         45.6   4.12055e+06   4.12055e+06   4.12053e+06   4.12049e+06   4.12066e+06
         45.7   4.11816e+06   4.11815e+06   4.11813e+06    4.1181e+06   4.11828e+06
         45.8   4.11576e+06   4.11576e+06   4.11573e+06    4.1157e+06   4.11528e+06
         45.9   4.11337e+06   4.11337e+06   4.11334e+06   4.11331e+06   4.11342e+06
           46   4.11097e+06   4.11096e+06   4.11094e+06   4.11091e+06    4.1111e+06
         46.1   4.10857e+06   4.10857e+06   4.10856e+06   4.10851e+06   4.10853e+06
         46.2   4.10617e+06   4.10618e+06   4.10615e+06   4.10611e+06   4.10614e+06
         46.3   4.10377e+06   4.10377e+06   4.10375e+06   4.10371e+06    4.1038e+06
         46.4   4.10139e+06   4.10137e+06   4.10137e+06   4.10133e+06   4.10153e+06
         46.5   4.09898e+06   4.09897e+06   4.09896e+06   4.09892e+06   4.09829e+06
         46.6   4.09658e+06   4.09658e+06   4.09656e+06   4.09652e+06   4.09663e+06
         46.7   4.09419e+06   4.09418e+06   4.09416e+06   4.09412e+06   4.09433e+06
         46.8   4.09179e+06   4.09178e+06   4.09176e+06   4.09172e+06   4.09103e+06
         46.9   4.08938e+06   4.08938e+06   4.08936e+06   4.08932e+06   4.08941e+06
           47   4.08699e+06   4.08697e+06   4.08696e+06   4.08693e+06   4.08701e+06
         47.1   4.08458e+06   4.08457e+06   4.08456e+06   4.08453e+06   4.08473e+06
         47.2   4.08218e+06   4.08218e+06   4.08215e+06   4.08212e+06   4.08123e+06
         47.3   4.07977e+06   4.07977e+06   4.07976e+06   4.07972e+06   4.07985e+06
         47.4   4.07738e+06   4.07737e+06   4.07735e+06   4.07733e+06   4.07752e+06
         47.5   4.07498e+06   4.07497e+06   4.07496e+06   4.07492e+06   4.07386e+06
         47.6   4.07257e+06   4.07257e+06   4.07255e+06   4.07251e+06   4.07269e+06
         47.7   4.07017e+06   4.07016e+06   4.07014e+06   4.07011e+06   4.07028e+06
         47.8   4.06777e+06   4.06776e+06   4.06774e+06    4.0677e+06   4.06773e+06
         47.9   4.06536e+06   4.06536e+06   4.06534e+06    4.0653e+06    4.0654e+06
           48   4.06295e+06   4.06294e+06   4.06293e+06   4.06289e+06     4.063e+06
         48.1   4.06055e+06   4.06055e+06   4.06053e+06    4.0605e+06   4.06068e+06
         48.2   4.05814e+06   4.05814e+06   4.05813e+06   4.05809e+06   4.05787e+06
         48.3   4.05574e+06   4.05574e+06   4.05571e+06   4.05568e+06   4.05576e+06
         48.4   4.05334e+06   4.05334e+06   4.05332e+06   4.05328e+06   4.05347e+06
         48.5   4.05092e+06   4.05093e+06    4.0509e+06   4.05087e+06   4.05075e+06
         48.6   4.04852e+06   4.04851e+06    4.0485e+06   4.04847e+06   4.04856e+06
         48.7   4.04611e+06   4.04612e+06   4.04609e+06   4.04606e+06   4.04623e+06
         48.8    4.0437e+06    4.0437e+06   4.04368e+06   4.04365e+06   4.04379e+06
         48.9    4.0413e+06   4.04129e+06   4.04128e+06   4.04124e+06   4.04142e+06
           49   4.03889e+06   4.03888e+06   4.03887e+06   4.03883e+06    4.0378e+06
         49.1   4.03648e+06   4.03648e+06   4.03646e+06   4.03642e+06   4.03648e+06
         49.2   4.03407e+06   4.03406e+06   4.03405e+06   4.03402e+06   4.03422e+06
         49.3   4.03166e+06   4.03166e+06   4.03164e+06    4.0316e+06   4.03149e+06
         49.4   4.02926e+06   4.02924e+06   4.02923e+06    4.0292e+06   4.02931e+06
         49.5   4.02684e+06   4.02684e+06   4.02682e+06   4.02678e+06   4.02659e+06
         49.6   4.02443e+06   4.02443e+06   4.02441e+06   4.02438e+06   4.02454e+06
         49.7   4.02202e+06   4.02201e+06     4.022e+06   4.02196e+06   4.02218e+06
         49.8   4.01961e+06   4.01961e+06   4.01959e+06   4.01955e+06   4.01925e+06
         49.9   4.01719e+06   4.01719e+06   4.01718e+06   4.01714e+06   4.01728e+06
           50   4.01479e+06   4.01478e+06   4.01476e+06   4.01472e+06   4.01384e+06
         50.1   4.01237e+06   4.01237e+06   4.01235e+06   4.01231e+06   4.01237e+06
         50.2   4.00996e+06   4.00995e+06   4.00993e+06   4.00991e+06   4.01007e+06
         50.3   4.00755e+06   4.00754e+06   4.00752e+06   4.00749e+06   4.00766e+06
         50.4   4.00513e+06   4.00512e+06   4.00511e+06   4.00508e+06   4.00528e+06
         50.5   4.00272e+06   4.00272e+06    4.0027e+06   4.00266e+06   4.00247e+06
         50.6    4.0003e+06    4.0003e+06   4.00028e+06   4.00024e+06   4.00041e+06
         50.7   3.99789e+06   3.99789e+06   3.99787e+06   3.99783e+06   3.99691e+06
         50.8   3.99547e+06   3.99547e+06   3.99545e+06   3.99541e+06   3.99549e+06
         50.9   3.99305e+06   3.99306e+06   3.99303e+06     3.993e+06   3.99257e+06
           51   3.99064e+06   3.99063e+06   3.99062e+06   3.99058e+06   3.99069e+06
         51.1   3.98823e+06   3.98822e+06    3.9882e+06   3.98817e+06   3.98835e+06
         51.2   3.98581e+06    3.9858e+06   3.98578e+06   3.98575e+06   3.98588e+06
         51.3   3.98339e+06   3.98339e+06   3.98338e+06   3.98334e+06   3.98353e+06
         51.4   3.98097e+06   3.98097e+06   3.98095e+06   3.98092e+06   3.98107e+06
         51.5   3.97855e+06   3.97855e+06   3.97853e+06    3.9785e+06    3.9787e+06
         51.6   3.97613e+06   3.97613e+06   3.97612e+06   3.97608e+06    3.9762e+06
         51.7   3.97372e+06   3.97371e+06   3.97369e+06   3.97366e+06   3.97387e+06
         51.8    3.9713e+06    3.9713e+06   3.97127e+06   3.97124e+06   3.97127e+06
         51.9   3.96887e+06   3.96887e+06   3.96886e+06   3.96882e+06   3.96902e+06
           52   3.96645e+06   3.96646e+06   3.96644e+06   3.96641e+06   3.96628e+06
         52.1   3.96404e+06   3.96403e+06   3.96401e+06   3.96399e+06   3.96416e+06
         52.2   3.96162e+06   3.96161e+06   3.96159e+06   3.96156e+06   3.96107e+06
         52.3    3.9592e+06   3.95919e+06   3.95917e+06   3.95914e+06    3.9593e+06
         52.4   3.95678e+06   3.95677e+06   3.95675e+06   3.95673e+06   3.95604e+06
         52.5   3.95436e+06   3.95435e+06   3.95434e+06    3.9543e+06   3.95443e+06
         52.6   3.95194e+06   3.95193e+06   3.95191e+06   3.95188e+06   3.95105e+06
         52.7   3.94951e+06    3.9495e+06   3.94949e+06   3.94945e+06   3.94958e+06
         52.8   3.94708e+06   3.94708e+06   3.94706e+06   3.94703e+06   3.94625e+06
         52.9   3.94466e+06   3.94466e+06   3.94464e+06   3.94461e+06   3.94472e+06
           53   3.94224e+06   3.94224e+06   3.94222e+06   3.94218e+06   3.94135e+06
         53.1   3.93982e+06   3.93981e+06   3.93979e+06   3.93976e+06   3.93989e+06
         53.2    3.9374e+06   3.93739e+06   3.93737e+06   3.93734e+06   3.93666e+06
         53.3   3.93497e+06   3.93496e+06   3.93495e+06   3.93491e+06   3.93507e+06
         53.4   3.93254e+06   3.93254e+06   3.93253e+06   3.93248e+06   3.93204e+06
         53.5   3.93012e+06   3.93011e+06    3.9301e+06   3.93006e+06   3.93022e+06
         53.6   3.92769e+06    3.9277e+06   3.92767e+06   3.92764e+06   3.92737e+06
         53.7   3.92526e+06   3.92527e+06   3.92524e+06   3.92521e+06   3.92541e+06
         53.8   3.92284e+06   3.92284e+06   3.92283e+06   3.92279e+06   3.92286e+06
         53.9   3.92042e+06   3.92041e+06    3.9204e+06   3.92036e+06   3.92056e+06
           54   3.91799e+06   3.91798e+06   3.91797e+06   3.91794e+06   3.91806e+06
         54.1   3.91557e+06   3.91555e+06   3.91554e+06    3.9155e+06   3.91571e+06
         54.2   3.91314e+06   3.91313e+06   3.91312e+06   3.91308e+06   3.91321e+06
         54.3    3.9107e+06   3.91071e+06   3.91069e+06   3.91065e+06   3.91085e+06
         54.4   3.90828e+06   3.90828e+06   3.90826e+06   3.90822e+06   3.90837e+06
         54.5   3.90585e+06   3.90585e+06   3.90583e+06    3.9058e+06   3.90598e+06
         54.6   3.90343e+06   3.90341e+06    3.9034e+06   3.90337e+06   3.90344e+06
         54.7   3.90099e+06   3.90099e+06   3.90097e+06   3.90093e+06    3.9003e+06
         54.8   3.89856e+06   3.89856e+06   3.89854e+06   3.89851e+06   3.89859e+06
         54.9   3.89613e+06   3.89613e+06   3.89611e+06   3.89608e+06   3.89528e+06
           55    3.8937e+06    3.8937e+06   3.89368e+06   3.89364e+06   3.89379e+06
         55.1   3.89128e+06   3.89127e+06   3.89125e+06   3.89122e+06   3.89118e+06
         55.2   3.88884e+06   3.88883e+06   3.88881e+06   3.88879e+06     3.889e+06
         55.3   3.88641e+06    3.8864e+06   3.88639e+06   3.88636e+06   3.88646e+06
         55.4   3.88398e+06   3.88398e+06   3.88395e+06   3.88392e+06   3.88374e+06
         55.5   3.88155e+06   3.88155e+06   3.88152e+06   3.88149e+06   3.88158e+06
         55.6   3.87912e+06   3.87911e+06    3.8791e+06   3.87906e+06   3.87858e+06
         55.7   3.87668e+06   3.87668e+06   3.87665e+06   3.87663e+06   3.87683e+06
         55.8   3.87425e+06   3.87424e+06   3.87423e+06   3.87419e+06   3.87432e+06
         55.9   3.87182e+06    3.8718e+06   3.87179e+06   3.87176e+06   3.87192e+06
           56   3.86938e+06   3.86938e+06   3.86936e+06   3.86933e+06   3.86939e+06
         56.1   3.86695e+06   3.86694e+06   3.86692e+06   3.86689e+06   3.86651e+06
         56.2   3.86451e+06    3.8645e+06   3.86449e+06   3.86446e+06   3.86466e+06
         56.3   3.86208e+06   3.86207e+06   3.86205e+06   3.86202e+06   3.86209e+06
         56.4   3.85964e+06   3.85963e+06   3.85963e+06   3.85958e+06   3.85864e+06
         56.5    3.8572e+06    3.8572e+06   3.85718e+06   3.85715e+06   3.85729e+06
         56.6   3.85477e+06   3.85476e+06   3.85475e+06   3.85471e+06   3.85484e+06
         56.7   3.85234e+06   3.85233e+06   3.85231e+06   3.85228e+06   3.85244e+06
         56.8   3.84989e+06   3.84989e+06   3.84987e+06   3.84985e+06   3.84993e+06
         56.9   3.84746e+06   3.84746e+06   3.84744e+06   3.84741e+06   3.84723e+06
           57   3.84502e+06   3.84502e+06   3.84501e+06   3.84497e+06   3.84516e+06
         57.1   3.84258e+06   3.84258e+06   3.84257e+06   3.84253e+06   3.84261e+06
         57.2   3.84015e+06   3.84014e+06   3.84013e+06   3.84009e+06   3.83984e+06
         57.3   3.83771e+06    3.8377e+06   3.83769e+06   3.83766e+06   3.83786e+06
         57.4   3.83527e+06   3.83527e+06   3.83525e+06   3.83522e+06   3.83527e+06
         57.5   3.83283e+06   3.83282e+06   3.83281e+06   3.83278e+06   3.83233e+06
         57.6   3.83039e+06   3.83039e+06   3.83037e+06   3.83034e+06   3.83054e+06
         57.7   3.82795e+06   3.82795e+06   3.82794e+06   3.82789e+06   3.82796e+06
         57.8   3.82551e+06   3.82551e+06    3.8255e+06   3.82546e+06   3.82511e+06
         57.9   3.82308e+06   3.82307e+06   3.82305e+06   3.82302e+06    3.8232e+06
           58   3.82064e+06   3.82063e+06   3.82061e+06   3.82058e+06   3.82068e+06
         58.1    3.8182e+06   3.81819e+06   3.81817e+06   3.81814e+06   3.81824e+06
         58.2   3.81575e+06   3.81575e+06   3.81573e+06   3.81569e+06   3.81552e+06
         58.3   3.81331e+06   3.81331e+06   3.81329e+06   3.81326e+06   3.81341e+06
         58.4   3.81087e+06   3.81086e+06   3.81085e+06   3.81081e+06   3.81095e+06
         58.5   3.80843e+06   3.80842e+06   3.80841e+06   3.80837e+06   3.80755e+06
         58.6   3.80598e+06   3.80598e+06   3.80596e+06   3.80593e+06   3.80613e+06
         58.7   3.80355e+06   3.80354e+06   3.80352e+06   3.80349e+06   3.80356e+06
         58.8    3.8011e+06   3.80109e+06   3.80108e+06   3.80104e+06   3.80061e+06
         58.9   3.79865e+06   3.79865e+06   3.79864e+06    3.7986e+06   3.79878e+06
           59   3.79621e+06   3.79621e+06   3.79619e+06   3.79616e+06   3.79624e+06
         59.1   3.79377e+06   3.79376e+06   3.79375e+06   3.79372e+06   3.79374e+06
         59.2   3.79132e+06   3.79132e+06   3.79131e+06   3.79127e+06    3.7913e+06
         59.3   3.78888e+06   3.78888e+06   3.78886e+06   3.78882e+06   3.78898e+06
         59.4   3.78644e+06   3.78643e+06   3.78641e+06   3.78638e+06   3.78649e+06
         59.5   3.78399e+06   3.78398e+06   3.78397e+06   3.78394e+06   3.78316e+06
         59.6   3.78154e+06   3.78154e+06   3.78152e+06    3.7815e+06   3.78169e+06
         59.7    3.7791e+06   3.77909e+06   3.77907e+06   3.77904e+06    3.7791e+06
         59.8   3.77666e+06   3.77665e+06   3.77663e+06    3.7766e+06   3.77653e+06
         59.9   3.77421e+06   3.77421e+06   3.77419e+06   3.77416e+06   3.77431e+06
           60   3.77176e+06   3.77175e+06   3.77174e+06   3.77171e+06   3.77185e+06
         60.1   3.76931e+06   3.76931e+06   3.76929e+06   3.76926e+06   3.76937e+06
         60.2   3.76686e+06   3.76687e+06   3.76685e+06   3.76682e+06   3.76619e+06
         60.3   3.76442e+06   3.76442e+06    3.7644e+06   3.76437e+06   3.76454e+06
         60.4   3.76197e+06   3.76197e+06   3.76195e+06   3.76193e+06   3.76201e+06
         60.5   3.75952e+06   3.75952e+06    3.7595e+06   3.75947e+06    3.7596e+06
         60.6   3.75708e+06   3.75707e+06   3.75706e+06   3.75703e+06   3.75622e+06
         60.7   3.75463e+06   3.75462e+06    3.7546e+06   3.75457e+06   3.75477e+06
         60.8   3.75218e+06   3.75217e+06   3.75216e+06   3.75213e+06    3.7522e+06
         60.9   3.74973e+06   3.74973e+06   3.74971e+06   3.74968e+06   3.74978e+06
           61   3.74728e+06   3.74727e+06   3.74726e+06   3.74722e+06   3.74645e+06
         61.1   3.74483e+06   3.74483e+06   3.74481e+06   3.74478e+06   3.74497e+06
         61.2   3.74238e+06   3.74238e+06   3.74236e+06   3.74233e+06   3.74242e+06
         61.3   3.73993e+06   3.73993e+06   3.73991e+06   3.73988e+06   3.74001e+06
         61.4   3.73748e+06   3.73747e+06   3.73746e+06   3.73743e+06   3.73666e+06
         61.5   3.73503e+06   3.73503e+06   3.73501e+06   3.73498e+06   3.73517e+06
         61.6   3.73258e+06   3.73258e+06   3.73256e+06   3.73252e+06   3.73263e+06
         61.7   3.73013e+06   3.73012e+06    3.7301e+06   3.73007e+06   3.73019e+06
         61.8   3.72767e+06   3.72767e+06   3.72766e+06   3.72763e+06   3.72719e+06
         61.9   3.72523e+06   3.72522e+06    3.7252e+06   3.72517e+06   3.72534e+06
           62   3.72277e+06   3.72277e+06   3.72276e+06   3.72272e+06   3.72288e+06
         62.1   3.72032e+06   3.72031e+06    3.7203e+06   3.72027e+06   3.72033e+06
         62.2   3.71787e+06   3.71786e+06   3.71785e+06   3.71782e+06   3.71796e+06
         62.3   3.71541e+06   3.71541e+06   3.71539e+06   3.71536e+06   3.71461e+06
         62.4   3.71297e+06   3.71296e+06   3.71294e+06   3.71291e+06   3.71308e+06
         62.5   3.71051e+06    3.7105e+06   3.71049e+06   3.71046e+06   3.71061e+06
         62.6   3.70805e+06   3.70804e+06   3.70804e+06     3.708e+06   3.70807e+06
         62.7    3.7056e+06   3.70559e+06   3.70558e+06   3.70554e+06   3.70565e+06
         62.8   3.70314e+06   3.70314e+06   3.70313e+06   3.70309e+06   3.70287e+06
         62.9   3.70069e+06   3.70068e+06   3.70067e+06   3.70063e+06   3.69987e+06
           63   3.69824e+06   3.69823e+06   3.69822e+06   3.69818e+06   3.69835e+06
         63.1   3.69578e+06   3.69577e+06   3.69576e+06   3.69573e+06   3.69589e+06
         63.2   3.69333e+06   3.69332e+06    3.6933e+06   3.69327e+06   3.69336e+06
         63.3   3.69087e+06   3.69087e+06   3.69085e+06   3.69082e+06   3.69089e+06
         63.4   3.68841e+06   3.68841e+06   3.68839e+06   3.68836e+06   3.68851e+06
         63.5   3.68595e+06   3.68596e+06   3.68593e+06    3.6859e+06    3.6853e+06
         63.6    3.6835e+06    3.6835e+06   3.68349e+06   3.68345e+06   3.68328e+06
         63.7   3.68104e+06   3.68104e+06   3.68103e+06     3.681e+06   3.68116e+06
         63.8   3.67858e+06   3.67858e+06   3.67856e+06   3.67854e+06    3.6787e+06
         63.9   3.67613e+06   3.67613e+06   3.67611e+06   3.67607e+06   3.67616e+06
           64   3.67367e+06   3.67367e+06   3.67366e+06   3.67362e+06   3.67367e+06
         64.1   3.67121e+06   3.67121e+06   3.67119e+06   3.67116e+06   3.67132e+06
         64.2   3.66876e+06   3.66875e+06   3.66873e+06   3.66871e+06   3.66849e+06
         64.3    3.6663e+06    3.6663e+06   3.66628e+06   3.66625e+06   3.66554e+06
         64.4   3.66384e+06   3.66383e+06   3.66382e+06   3.66379e+06   3.66362e+06
         64.5   3.66139e+06   3.66137e+06   3.66136e+06   3.66133e+06   3.66151e+06
         64.6   3.65892e+06   3.65891e+06   3.65891e+06   3.65887e+06   3.65905e+06
         64.7   3.65647e+06   3.65646e+06   3.65644e+06   3.65641e+06   3.65656e+06
         64.8     3.654e+06   3.65399e+06   3.65398e+06   3.65395e+06   3.65401e+06
         64.9   3.65154e+06   3.65154e+06   3.65152e+06   3.65149e+06   3.65154e+06
           65   3.64908e+06   3.64908e+06   3.64907e+06   3.64903e+06   3.64912e+06
         65.1   3.64662e+06   3.64662e+06   3.64661e+06   3.64657e+06    3.6467e+06
         65.2   3.64416e+06   3.64416e+06   3.64414e+06   3.64411e+06   3.64399e+06
         65.3    3.6417e+06    3.6417e+06   3.64169e+06   3.64165e+06   3.64093e+06
         65.4   3.63924e+06   3.63924e+06   3.63923e+06   3.63919e+06   3.63833e+06
         65.5   3.63678e+06   3.63678e+06   3.63676e+06   3.63673e+06   3.63675e+06
         65.6   3.63432e+06   3.63431e+06    3.6343e+06   3.63426e+06   3.63444e+06
         65.7   3.63186e+06   3.63185e+06   3.63183e+06    3.6318e+06   3.63198e+06
         65.8   3.62939e+06   3.62939e+06   3.62937e+06   3.62934e+06   3.62949e+06
         65.9   3.62693e+06   3.62693e+06   3.62691e+06   3.62689e+06   3.62697e+06
           66   3.62447e+06   3.62447e+06   3.62445e+06   3.62442e+06   3.62447e+06
         66.1   3.62201e+06   3.62201e+06   3.62199e+06   3.62195e+06   3.62201e+06
         66.2   3.61954e+06   3.61954e+06   3.61953e+06    3.6195e+06    3.6196e+06
         66.3   3.61708e+06   3.61709e+06   3.61706e+06   3.61703e+06   3.61715e+06
         66.4   3.61462e+06   3.61461e+06    3.6146e+06   3.61457e+06   3.61452e+06
         66.5   3.61216e+06   3.61216e+06   3.61214e+06    3.6121e+06   3.61165e+06
         66.6   3.60969e+06   3.60969e+06   3.60967e+06   3.60965e+06   3.60889e+06
         66.7   3.60723e+06   3.60723e+06   3.60721e+06   3.60718e+06   3.60645e+06
         66.8   3.60476e+06   3.60476e+06   3.60474e+06   3.60471e+06   3.60454e+06
         66.9    3.6023e+06   3.60229e+06   3.60228e+06   3.60226e+06   3.60241e+06
           67   3.59984e+06   3.59983e+06   3.59981e+06   3.59979e+06   3.59996e+06
         67.1   3.59737e+06   3.59737e+06   3.59736e+06   3.59732e+06   3.59748e+06
         67.2   3.59491e+06    3.5949e+06   3.59488e+06   3.59486e+06   3.59502e+06
         67.3   3.59244e+06   3.59244e+06   3.59242e+06   3.59239e+06   3.59251e+06
         67.4   3.58998e+06   3.58998e+06   3.58995e+06   3.58993e+06      3.59e+06
         67.5   3.58751e+06   3.58751e+06   3.58749e+06   3.58746e+06   3.58752e+06
         67.6   3.58504e+06   3.58504e+06   3.58503e+06     3.585e+06   3.58503e+06
         67.7   3.58258e+06   3.58258e+06   3.58256e+06   3.58253e+06   3.58258e+06
         67.8   3.58012e+06   3.58012e+06    3.5801e+06   3.58007e+06   3.58013e+06
         67.9   3.57764e+06   3.57765e+06   3.57763e+06    3.5776e+06   3.57768e+06
           68   3.57518e+06   3.57517e+06   3.57516e+06   3.57513e+06   3.57525e+06
         68.1   3.57272e+06   3.57271e+06    3.5727e+06   3.57267e+06   3.57279e+06
         68.2   3.57024e+06   3.57024e+06   3.57023e+06    3.5702e+06   3.57029e+06
         68.3   3.56778e+06   3.56778e+06   3.56777e+06   3.56773e+06   3.56783e+06
         68.4   3.56532e+06   3.56531e+06   3.56529e+06   3.56526e+06   3.56536e+06
         68.5   3.56284e+06   3.56284e+06   3.56283e+06    3.5628e+06   3.56291e+06
         68.6   3.56038e+06   3.56038e+06   3.56036e+06   3.56033e+06   3.56045e+06
         68.7   3.55791e+06   3.55791e+06   3.55789e+06   3.55786e+06     3.558e+06
         68.8   3.55544e+06   3.55544e+06   3.55543e+06    3.5554e+06   3.55552e+06
         68.9   3.55297e+06   3.55297e+06   3.55296e+06   3.55292e+06   3.55306e+06
           69    3.5505e+06    3.5505e+06   3.55049e+06   3.55046e+06   3.55058e+06
         69.1   3.54803e+06   3.54804e+06   3.54802e+06   3.54799e+06   3.54811e+06
         69.2   3.54557e+06   3.54557e+06   3.54555e+06   3.54551e+06   3.54562e+06
         69.3    3.5431e+06   3.54309e+06   3.54308e+06   3.54305e+06   3.54311e+06
         69.4   3.54063e+06   3.54063e+06   3.54061e+06   3.54058e+06   3.54065e+06
         69.5   3.53816e+06   3.53815e+06   3.53814e+06   3.53811e+06   3.53816e+06
         69.6   3.53569e+06   3.53569e+06   3.53568e+06   3.53565e+06    3.5357e+06
         69.7   3.53322e+06   3.53322e+06    3.5332e+06   3.53317e+06   3.53325e+06
         69.8   3.53075e+06   3.53075e+06   3.53073e+06    3.5307e+06   3.53081e+06
         69.9   3.52828e+06   3.52828e+06   3.52826e+06   3.52823e+06   3.52839e+06
           70   3.52582e+06   3.52581e+06    3.5258e+06   3.52576e+06   3.52592e+06
         70.1   3.52334e+06   3.52334e+06   3.52332e+06   3.52329e+06   3.52346e+06
         70.2   3.52087e+06   3.52087e+06   3.52086e+06   3.52082e+06   3.52098e+06
         70.3    3.5184e+06   3.51839e+06   3.51839e+06   3.51835e+06    3.5178e+06
         70.4   3.51593e+06   3.51593e+06   3.51591e+06   3.51588e+06   3.51511e+06
         70.5   3.51346e+06   3.51345e+06   3.51344e+06   3.51341e+06   3.51297e+06
         70.6   3.51099e+06   3.51098e+06   3.51097e+06   3.51094e+06   3.51102e+06
         70.7   3.50851e+06   3.50852e+06    3.5085e+06   3.50847e+06   3.50859e+06
         70.8   3.50604e+06   3.50604e+06   3.50602e+06     3.506e+06   3.50604e+06
         70.9   3.50357e+06   3.50357e+06   3.50355e+06   3.50352e+06   3.50359e+06
           71    3.5011e+06   3.50109e+06   3.50108e+06   3.50105e+06   3.50118e+06
         71.1   3.49863e+06   3.49863e+06   3.49861e+06   3.49858e+06   3.49874e+06
         71.2   3.49616e+06   3.49615e+06   3.49614e+06   3.49611e+06   3.49625e+06
         71.3   3.49369e+06   3.49368e+06   3.49366e+06   3.49363e+06   3.49292e+06
         71.4   3.49121e+06   3.49121e+06   3.49119e+06   3.49116e+06   3.49082e+06
         71.5   3.48874e+06   3.48873e+06   3.48872e+06   3.48869e+06   3.48882e+06
         71.6   3.48626e+06   3.48626e+06   3.48625e+06   3.48621e+06   3.48629e+06
         71.7    3.4838e+06    3.4838e+06   3.48377e+06   3.48375e+06   3.48381e+06
         71.8   3.48132e+06   3.48132e+06    3.4813e+06   3.48127e+06   3.48141e+06
         71.9   3.47885e+06   3.47884e+06   3.47883e+06    3.4788e+06   3.47895e+06
           72   3.47637e+06   3.47637e+06   3.47636e+06   3.47633e+06   3.47596e+06
         72.1    3.4739e+06    3.4739e+06   3.47388e+06   3.47386e+06   3.47326e+06
         72.2   3.47143e+06   3.47142e+06    3.4714e+06   3.47138e+06   3.47147e+06
         72.3   3.46895e+06   3.46895e+06   3.46894e+06    3.4689e+06   3.46897e+06
         72.4   3.46648e+06   3.46647e+06   3.46646e+06   3.46643e+06    3.4665e+06
         72.5     3.464e+06     3.464e+06   3.46398e+06   3.46395e+06   3.46411e+06
         72.6   3.46153e+06   3.46152e+06   3.46151e+06   3.46148e+06   3.46164e+06
         72.7   3.45906e+06   3.45905e+06   3.45904e+06     3.459e+06   3.45832e+06
         72.8   3.45658e+06   3.45658e+06   3.45656e+06   3.45653e+06   3.45614e+06
         72.9   3.45411e+06    3.4541e+06   3.45409e+06   3.45406e+06   3.45419e+06
           73   3.45163e+06   3.45163e+06   3.45161e+06   3.45158e+06   3.45163e+06
         73.1   3.44916e+06   3.44915e+06   3.44914e+06   3.44911e+06   3.44919e+06
         73.2   3.44669e+06   3.44668e+06   3.44666e+06   3.44663e+06   3.44678e+06
         73.3   3.44421e+06   3.44421e+06   3.44419e+06   3.44416e+06    3.4443e+06
         73.4   3.44173e+06   3.44173e+06   3.44172e+06   3.44168e+06   3.44104e+06
         73.5   3.43926e+06   3.43926e+06   3.43924e+06   3.43921e+06    3.4392e+06
         73.6   3.43678e+06   3.43677e+06   3.43676e+06   3.43673e+06   3.43685e+06
         73.7    3.4343e+06    3.4343e+06   3.43429e+06   3.43426e+06   3.43429e+06
         73.8   3.43183e+06   3.43182e+06   3.43181e+06   3.43178e+06   3.43193e+06
         73.9   3.42936e+06   3.42935e+06   3.42933e+06   3.42931e+06   3.42945e+06
           74   3.42688e+06   3.42687e+06   3.42686e+06   3.42684e+06   3.42612e+06
         74.1    3.4244e+06    3.4244e+06   3.42439e+06   3.42436e+06    3.4244e+06
         74.2   3.42193e+06   3.42192e+06   3.42191e+06   3.42188e+06   3.42196e+06
         74.3   3.41945e+06   3.41945e+06   3.41944e+06    3.4194e+06   3.41949e+06
         74.4   3.41698e+06   3.41697e+06   3.41695e+06   3.41693e+06   3.41707e+06
         74.5    3.4145e+06    3.4145e+06   3.41448e+06   3.41445e+06   3.41446e+06
         74.6   3.41202e+06   3.41202e+06   3.41201e+06   3.41198e+06   3.41143e+06
         74.7   3.40955e+06   3.40954e+06   3.40953e+06    3.4095e+06   3.40963e+06
         74.8   3.40707e+06   3.40706e+06   3.40705e+06   3.40702e+06   3.40707e+06
         74.9   3.40459e+06   3.40459e+06   3.40457e+06   3.40455e+06   3.40468e+06
           75   3.40212e+06   3.40211e+06    3.4021e+06   3.40207e+06   3.40221e+06
         75.1   3.39964e+06   3.39963e+06   3.39962e+06   3.39959e+06   3.39916e+06
         75.2   3.39716e+06   3.39716e+06   3.39715e+06   3.39712e+06   3.39723e+06
         75.3   3.39468e+06   3.39469e+06   3.39466e+06   3.39463e+06   3.39468e+06
         75.4   3.39221e+06   3.39221e+06   3.39219e+06   3.39216e+06   3.39231e+06
         75.5   3.38973e+06   3.38973e+06   3.38971e+06   3.38968e+06   3.38891e+06
         75.6   3.38726e+06   3.38725e+06   3.38724e+06   3.38721e+06   3.38726e+06
         75.7   3.38478e+06   3.38477e+06   3.38476e+06   3.38473e+06   3.38476e+06
         75.8   3.38229e+06   3.38229e+06   3.38228e+06   3.38225e+06   3.38238e+06
         75.9   3.37982e+06   3.37982e+06    3.3798e+06   3.37977e+06    3.3799e+06
           76   3.37734e+06   3.37734e+06   3.37733e+06   3.37729e+06   3.37707e+06
         76.1   3.37486e+06   3.37486e+06   3.37485e+06   3.37482e+06   3.37486e+06
         76.2   3.37238e+06   3.37238e+06   3.37237e+06   3.37234e+06   3.37249e+06
         76.3   3.36991e+06    3.3699e+06   3.36989e+06   3.36987e+06   3.36918e+06
         76.4   3.36743e+06   3.36743e+06   3.36741e+06   3.36739e+06   3.36749e+06
         76.5   3.36495e+06   3.36495e+06   3.36493e+06   3.36491e+06     3.365e+06
         76.6   3.36248e+06   3.36247e+06   3.36245e+06   3.36243e+06   3.36208e+06
         76.7      3.36e+06   3.35999e+06   3.35998e+06   3.35995e+06   3.36002e+06
         76.8   3.35752e+06   3.35752e+06    3.3575e+06   3.35747e+06   3.35753e+06
         76.9   3.35504e+06   3.35504e+06   3.35502e+06   3.35499e+06   3.35513e+06
           77   3.35256e+06   3.35256e+06   3.35254e+06   3.35251e+06   3.35239e+06
         77.1   3.35008e+06   3.35008e+06   3.35006e+06   3.35003e+06   3.35008e+06
         77.2    3.3476e+06    3.3476e+06   3.34758e+06   3.34755e+06    3.3477e+06
         77.3   3.34512e+06   3.34512e+06   3.34511e+06   3.34508e+06   3.34487e+06
         77.4   3.34264e+06   3.34264e+06   3.34263e+06    3.3426e+06   3.34265e+06
         77.5   3.34016e+06   3.34016e+06   3.34015e+06   3.34012e+06   3.34027e+06
         77.6   3.33768e+06   3.33768e+06   3.33767e+06   3.33764e+06   3.33752e+06
         77.7   3.33521e+06   3.33521e+06   3.33519e+06   3.33516e+06   3.33521e+06
         77.8   3.33273e+06   3.33273e+06   3.33271e+06   3.33268e+06   3.33282e+06
         77.9   3.33025e+06   3.33025e+06   3.33023e+06   3.33021e+06   3.33015e+06
           78   3.32777e+06   3.32777e+06   3.32776e+06   3.32772e+06   3.32777e+06
         78.1   3.32529e+06   3.32529e+06   3.32528e+06   3.32525e+06   3.32538e+06
         78.2   3.32282e+06   3.32281e+06    3.3228e+06   3.32276e+06   3.32288e+06
         78.3   3.32034e+06   3.32033e+06   3.32031e+06   3.32029e+06   3.32039e+06
         78.4   3.31786e+06   3.31785e+06   3.31784e+06   3.31781e+06   3.31716e+06
         78.5   3.31537e+06   3.31537e+06   3.31536e+06   3.31534e+06   3.31541e+06
         78.6   3.31289e+06    3.3129e+06   3.31288e+06   3.31285e+06   3.31298e+06
         78.7   3.31042e+06   3.31042e+06    3.3104e+06   3.31038e+06   3.30977e+06
         78.8   3.30794e+06   3.30794e+06   3.30792e+06    3.3079e+06   3.30792e+06
         78.9   3.30546e+06   3.30545e+06   3.30544e+06   3.30541e+06   3.30556e+06
           79   3.30298e+06   3.30298e+06   3.30296e+06   3.30294e+06   3.30288e+06
         79.1    3.3005e+06   3.30049e+06   3.30048e+06   3.30046e+06   3.30051e+06
         79.2   3.29802e+06   3.29802e+06     3.298e+06   3.29797e+06   3.29782e+06
         79.3   3.29554e+06   3.29553e+06   3.29553e+06    3.2955e+06   3.29562e+06
         79.4   3.29306e+06   3.29306e+06   3.29304e+06   3.29302e+06   3.29313e+06
         79.5   3.29058e+06   3.29058e+06   3.29057e+06   3.29054e+06   3.28987e+06
         79.6   3.28811e+06    3.2881e+06   3.28809e+06   3.28805e+06    3.2881e+06
         79.7   3.28562e+06   3.28562e+06   3.28561e+06   3.28558e+06   3.28572e+06
         79.8   3.28314e+06   3.28314e+06   3.28312e+06    3.2831e+06   3.28316e+06
         79.9   3.28066e+06   3.28066e+06   3.28065e+06   3.28062e+06    3.2807e+06
           80   3.27819e+06   3.27818e+06   3.27817e+06   3.27814e+06    3.2775e+06
         80.1   3.27571e+06    3.2757e+06   3.27568e+06   3.27566e+06   3.27574e+06
         80.2   3.27322e+06   3.27323e+06   3.27321e+06   3.27318e+06   3.27331e+06
         80.3   3.27074e+06   3.27074e+06   3.27073e+06    3.2707e+06   3.27052e+06
         80.4   3.26826e+06   3.26826e+06   3.26825e+06   3.26822e+06   3.26828e+06
         80.5   3.26578e+06   3.26578e+06   3.26577e+06   3.26574e+06    3.2654e+06
         80.6   3.26331e+06    3.2633e+06   3.26329e+06   3.26326e+06   3.26336e+06
         80.7   3.26083e+06   3.26082e+06   3.26081e+06   3.26079e+06   3.26091e+06
         80.8   3.25835e+06   3.25834e+06   3.25833e+06    3.2583e+06   3.25812e+06
         80.9   3.25586e+06   3.25586e+06   3.25585e+06   3.25583e+06   3.25588e+06
           81   3.25339e+06   3.25339e+06   3.25337e+06   3.25334e+06   3.25301e+06
         81.1   3.25091e+06    3.2509e+06   3.25089e+06   3.25086e+06   3.25091e+06
         81.2   3.24843e+06   3.24843e+06   3.24841e+06   3.24838e+06   3.24852e+06
